Path 	 File name 	 Pin 	 Position 	 Ampiltude 1 [mV] 	  Error 	 Ampiltude 2 [mV] 	 Error	 Charge 1 [pC] 	 Error 	 Charge 2 [pC] 	  Error 	 Geometrical mean [pC] 	 Error 	 Aritmetical mean [pC] 	 Error 	 Time difference resolution [ps] 	 Error
../TBJPETRun1/2021.05.26_0001.root	2021.05.26_0001.root 			
../TBJPETRun1/2021.05.26_0002.root	2021.05.26_0002.root 			
../TBJPETRun1/2021.05.26_0003.root	2021.05.26_0003.root 			
../TBJPETRun1/2021.05.26_0004.root	2021.05.26_0004.root 			
../TBJPETRun1/2021.05.26_0005.root	2021.05.26_0005.root 			
../TBJPETRun1/2021.05.27_0001.root	2021.05.27_0001.root 			
../TBJPETRun1/2021.05.27_0002.root	2021.05.27_0002.root 			-422.458	5.77548	-537.701	6.8166	0.441644	0.0184784	0.542749	0.00781207	0.483371	0.0213073	0.487641	0.0149963	542.076	5.8436
../TBJPETRun1/2021.05.27_0003.root	2021.05.27_0003.root 			-380.697	6.57861	-522.632	6.36787	0.396972	0.0161352	0.529449	0.0078656	0.463671	0.00685633	0.449791	0.0182303	605.108	6.38688
../TBJPETRun1/2021.05.28_0001.root	2021.05.28_0001.root 			-443.644	7.23672	-529.884	9.07039	0.466717	0.0187946	0.516948	0.0256469	0.486284	0.0224169	0.48327	0.024215	555.077	6.86725
../TBJPETRun1/2021.05.28_0002.root	2021.05.28_0002.root 			-484.031	6.57244	-513.884	7.68027	0.518931	0.0185326	0.505247	0.0088372	0.50963	0.0101289	0.509071	0.00985812	547.868	6.01643
../TBJPETRun1/2021.05.28_0003.root	2021.05.28_0003.root 			-369.873	11.1242	-524.089	7.60718	0.387282	0.0129325	0.524742	0.00822694	0.456415	0.00751445	0.451281	0.00848897	596.743	6.37068
../TBJPETRun1/2021.05.28_0004.root	2021.05.28_0004.root 			-397.051	10.9405	-506.362	7.67094	0.415287	0.00904832	0.500611	0.0141934	0.45702	0.0071696	0.454245	0.00768152	651.594	7.17104
../TBJPETRun1/2021.06.07_0001.root	2021.06.07_0001.root 			
../TBJPETRun1/2021.06.07_0002.root	2021.06.07_0002.root 			-386.908	6.60048	-499.922	6.795	0.391603	0.0329899	0.485165	0.0241619	0.440693	0.0216721	0.437284	0.0206956	654.588	7.23167
../TBJPETRun1/2021.06.07_0003.root	2021.06.07_0003.root 			-424.705	12.2517	-525.668	5.13434	0.50949	0.0266141	0.558091	0.0785304	0.552487	0.0166834	0.548506	0.0213754	608.16	6.59699
../TBJPETRun1/2021.06.07_0004.root	2021.06.07_0004.root 			-427.211	5.53579	-522.643	9.83178	0.42028	0.0657659	0.475432	0.0307624	0.438303	0.0194459	0.379367	0.473183	610.506	6.62667
../TBJPETRun1/2021.06.08_0001.root	2021.06.08_0001.root 			-426.517	5.51512	-489.1	6.89512	0.393505	0.0101018	0.426143	0.00831028	0.407985	0.00827454	0.407257	0.0085979	602.972	6.45051
../TBJPETRun1/2021.06.08_0002.root	2021.06.08_0002.root 			-418.125	6.39961	-521.133	8.15707	0.418527	0.0224082	0.483589	0.021008	0.447087	0.0160458	0.4466	0.0175044	630.796	6.76843
